680,
730,
870,
930,
560,
760,
520,
680,
890,
820,
800,
690,
750,
580,
710,
830,
600,
920,
540,
590,
820,
860,
670,
830,
960,
860,
530,
690,
550,
670,
900,
680,
900,
520,
840,
840,
680,
660,
950,
740,
870,
720,
830,
650,
940,
720,
500,
710,
870,
870,
770,
500,
930,
570,
980,
990,
610,
610,
890,
760,
690,
810,
670,
680,
750,
710,
920,
590,
510,
670,
710,
950,
510,
860,
860,
590,
980,
580,
920,
990,
680,
830,
620,
590,
930,
680,
860,
950,
800,
560,
880,
820,
760,
530,
540,
520,
700,
830,
880,
680,
880,
920,
940,
870,
780,
770,
920,
660,
680,
910,
650,
850,
860,
660,
820,
590,
730,
520,
950,
610,
700,
680,
670,
690,
730,
750,
620,
870,
660,
900,
520,
940,
980,
910,
930,
990,
940,
600,
960,
800,
650,
950,
590,
830,
730,
700,
940,
610,
660,
980,
800,
730,
700,
940,
510,
830,
820,
800,
730,
670,
630,
720,
780,
900,
880,
590,
910,
590,
950,
690,
620,
840,
540,
680,
860,
720,
510,
990,
700,
830,
840,
920,
830,
910,
650,
570,
780,
870,
810,
530,
510,
750,
600,
970,
540,
580,
980,
980,
640,
620,
590,
510,
540,
770,
660,
590,
930,
830,
760,
800,
710,
730,
870,
880,
610,
870,
670,
590,
630,
930,
730,
900,
930,
930,
760,
810,
630,
910,
970,
850,
600,
950,
820,
880,
570,
880,
520,
980,
640,
770,
930,
930,
560,
830,
720,
530,
520,
810,
890,
500,
610,
990,
870,
940,
870,
650,
960,
880,
840,
620,
670,
630,
640,
920,
590,
540,
730,
820,
900,
610,
700,
700,
690,
710,
960,
560,
990,
870,
820,
940,
610,
640,
950,
670,
920,
810,
860,
650,
850,
830,
880,
740,
760,
590,
930,
700,
610,
680,
870,
710,
880,
930,
600,
730,
520,
550,
960,
540,
890,
850,
820,
860,
940,
950,
660,
620,
870,
580,
800,
990,
630,
610,
660,
660,
710,
640,
560,
540,
970,
670,
550,
550,
710,
510,
770,
780,
850,
960,
540,
960,
720,
900,
730,
650,
800,
970,
840,
630,
760,
590,
680,
790,
910,
920,
710,
790,
580,
910,
990,
550,
960,
990,
680,
510,
830,
520,
540,
950,
690,
790,
500,
860,
940,
680,
730,
820,
530,
520,
850,
910,
570,
640,
930,
710,
680,
960,
780,
680,
680,
590,
600,
660,
660,
730,
740,
930,
610,
700,
580,
580,
810,
850,
750,
980,
940,
970,
580,
520,
850,
710,
510,
690,
880,
870,
570,
920,
790,
960,
630,
620,
800,
860,
750,
600,
800,
950,
910,
630,
580,
620,
510,
620,
570,
670,
770,
550,
800,
650,
940,
820,
880,
680,
870,
570,
660,
830,
630,
650,
630,
890,
570,
840,
870,
680,
730,
870,
740,
670,
530,
780,
830,
670,
860,
710,
990,
900,
520,
890,
770,
820,
860,
630,
710,
840,
550,
620,
880,
910,
680,
970,
730,
680,
570,
890,
850,
640,
680,
700,
840,
760,
500,
940,
910,
970,
690,
860,
600,
610,
990,
770,
960,
910,
830,
530,
680,
840,
500,
780,
560,
850,
930,
580,
850,
510,
890,
850,
730,
690,
850,
530,
500,
580,
890,
810,
970,
920,
590,
500,
910,
700,
680,
800,
660,
940,
660,
780,
630,
990,
540,
610,
910,
910,
550,
500,
590,
800,
550,
700,
990,
720,
830,
690,
680,
950,
510,
550,
970,
770,
680,
670,
600,
690,
910,
630,
950,
740,
690,
950,
910,
570,
790,
630,
740,
990,
730,
660,
530,
630,
730,
570,
690,
870,
800,
980,
580,
550,
830,
510,
700,
860,
730,
560,
590,
880,
820,
890,
870,
810,
630,
530,
960,
740,
840,
910,
560,
880,
700,
670,
830,
900,
510,
760,
710,
670,
860,
790,
860,
850,
500,
500,
620,
780,
980,
830,
990,
920,
680,
830,
950,
750,
880,
990,
960,
740,
660,
900,
500,
970,
810,
640,
910,
680,
800,
860,
790,
800,
900,
940,
650,
820,
560,
860,
840,
550,
960,
760,
620,
700,
940,
560,
980,
950,
640,
820,
580,
780,
890,
830,
990,
780,
870,
690,
930,
750,
520,
940,
580,
700,
600,
580,
720,
540,
780,
800,
690,
660,
530,
640,
840,
690,
720,
700,
900,
660,
720,
730,
560,
630,
850,
650,
560,
870,
610,
940,
560,
760,
860,
760,
860,
940,
970,
860,
820,
530,
710,
670,
910,
860,
860,
740,
590,
740,
570,
970,
570,
640,
750,
830,
500,
600,
660,
950,
520,
700,
610,
950,
820,
890,
800,
560,
920,
840,
580,
870,
910,
720,
650,
520,
530,
750,
570,
670,
660,
930,
680,
960,
940,
540,
740,
750,
630,
610,
800,
980,
500,
930,
720,
810,
730,
620,
580,
600,
610,
910,
810,
550,
860,
530,
640,
800,
840,
560,
600,
770,
780,
850,
790,
850,
700,
890,
540,
870,
510,
780,
740,
740,
890,
680,
870,
730,
880,
700,
580,
870,
540,
670,
820,
870,
680,
990,
750,
910,
550,
610,
670,
760,
690,
520,
840,
570,
630,
830,
900,
650,
630,
810,
740,
930,
670,
950,
820,
710,
770,
670,
670,
920,
830,
750,
820,
790,
540,
740,
750,
690,
820,
500,
980,
730,
950,
730,
920,
830,
950,
630,
940,
720,
640,
900,
720,
590,
790,
970,
960,
950,
710,
950,
770,
830,
800,
620,
680,
850,
540,
610,
850,
790,
820,
730,
980,
750,
600,
650,
670,
730,
570,
690,
890,
580,
890,
910,
880,
970,
710,
660,
580,
710,
820,
790,
920,
900,
800,
860,
910,
510,
850,
850,
880,
660,
650,
650,
530,
750,
910,
880,
670,
900,
700,
650,
990,
880,
610,
770,
540,
750,
580,
690,
500,
600,
750,
730,
690,
520,
570,
620,
690,
820,
600,
620,
930,
700,
950,
960,
650,
680,
960,
980,
720,
840,
910,
880,
830,
970,
560,
840,
930,
820,
930,
890,
740,
520,
970,
900,
610,
800,
670,
730,
830,
680,
720,
650,
730,
830,
950,
910,
530,
700,
580,
680,
980,
840,
860,
540,
540,
790,
670,
800,
550,
730,
530,
700,
690,
850,
850,
740,
580,
990,
540,
770,
870,
600,
