83000,
48000,
96000,
38000,
38000,
20000,
31000,
1000,
65000,
53000,
26000,
85000,
64000,
43000,
17000,
92000,
87000,
65000,
65000,
21000,
72000,
93000,
80000,
50000,
19000,
80000,
48000,
55000,
94000,
15000,
66000,
13000,
92000,
41000,
67000,
20000,
70000,
19000,
81000,
97000,
80000,
58000,
18000,
91000,
48000,
34000,
24000,
85000,
94000,
56000,
92000,
52000,
30000,
90000,
56000,
38000,
36000,
72000,
69000,
90000,
99000,
41000,
83000,
94000,
16000,
62000,
49000,
76000,
59000,
9000,
64000,
72000,
19000,
89000,
26000,
80000,
73000,
5000,
36000,
20000,
29000,
91000,
5000,
63000,
95000,
63000,
25000,
25000,
46000,
46000,
28000,
17000,
19000,
36000,
1000,
81000,
8000,
91000,
89000,
58000,
85000,
34000,
2000,
35000,
41000,
65000,
63000,
55000,
59000,
17000,
57000,
84000,
4000,
31000,
90000,
89000,
89000,
2000,
95000,
85000,
71000,
98000,
32000,
77000,
34000,
51000,
41000,
66000,
32000,
87000,
10000,
9000,
72000,
60000,
62000,
10000,
4000,
66000,
87000,
1000,
1000,
73000,
69000,
90000,
76000,
2000,
94000,
34000,
76000,
3000,
61000,
53000,
27000,
29000,
24000,
7000,
47000,
80000,
31000,
93000,
55000,
36000,
10000,
84000,
30000,
86000,
15000,
20000,
39000,
64000,
4000,
9000,
93000,
61000,
6000,
51000,
43000,
22000,
31000,
30000,
59000,
3000,
67000,
91000,
51000,
5000,
55000,
84000,
38000,
19000,
30000,
6000,
34000,
13000,
79000,
35000,
88000,
3000,
52000,
12000,
33000,
42000,
84000,
15000,
66000,
14000,
46000,
1000,
89000,
33000,
12000,
62000,
45000,
75000,
55000,
34000,
19000,
39000,
79000,
87000,
45000,
64000,
68000,
99000,
19000,
3000,
22000,
29000,
29000,
56000,
50000,
8000,
54000,
69000,
54000,
77000,
1000,
16000,
59000,
60000,
23000,
82000,
28000,
59000,
89000,
55000,
38000,
42000,
78000,
86000,
10000,
94000,
86000,
26000,
2000,
72000,
22000,
54000,
85000,
70000,
10000,
68000,
30000,
3000,
71000,
12000,
22000,
85000,
23000,
56000,
92000,
1000,
42000,
4000,
75000,
34000,
64000,
88000,
36000,
84000,
50000,
52000,
9000,
67000,
21000,
71000,
4000,
14000,
48000,
15000,
34000,
58000,
79000,
19000,
70000,
81000,
11000,
68000,
21000,
55000,
76000,
89000,
49000,
53000,
38000,
56000,
47000,
72000,
59000,
59000,
56000,
26000,
34000,
17000,
87000,
35000,
3000,
60000,
84000,
4000,
92000,
9000,
27000,
78000,
66000,
44000,
44000,
20000,
51000,
23000,
16000,
59000,
98000,
2000,
60000,
34000,
52000,
97000,
49000,
62000,
20000,
33000,
24000,
41000,
79000,
11000,
33000,
88000,
37000,
70000,
64000,
21000,
11000,
12000,
40000,
9000,
30000,
61000,
77000,
35000,
18000,
34000,
11000,
16000,
2000,
61000,
25000,
58000,
59000,
87000,
69000,
84000,
12000,
60000,
17000,
53000,
7000,
54000,
42000,
94000,
67000,
8000,
94000,
55000,
17000,
78000,
59000,
44000,
94000,
9000,
15000,
48000,
23000,
25000,
59000,
51000,
52000,
92000,
83000,
49000,
76000,
54000,
42000,
99000,
64000,
24000,
61000,
3000,
74000,
66000,
48000,
74000,
64000,
17000,
51000,
94000,
30000,
80000,
30000,
4000,
36000,
48000,
81000,
20000,
47000,
95000,
89000,
5000,
46000,
70000,
65000,
63000,
79000,
98000,
10000,
45000,
17000,
43000,
84000,
52000,
7000,
85000,
29000,
98000,
84000,
86000,
21000,
96000,
57000,
17000,
97000,
24000,
67000,
1000,
41000,
34000,
33000,
3000,
42000,
25000,
42000,
11000,
82000,
80000,
81000,
79000,
48000,
59000,
79000,
8000,
63000,
21000,
44000,
16000,
36000,
38000,
82000,
87000,
31000,
27000,
70000,
61000,
15000,
9000,
84000,
87000,
95000,
43000,
34000,
79000,
73000,
83000,
96000,
77000,
4000,
12000,
85000,
30000,
1000,
50000,
77000,
66000,
90000,
43000,
29000,
65000,
24000,
86000,
86000,
63000,
81000,
88000,
93000,
48000,
68000,
21000,
39000,
39000,
17000,
30000,
8000,
58000,
27000,
99000,
62000,
36000,
16000,
18000,
93000,
78000,
93000,
22000,
45000,
39000,
86000,
43000,
19000,
82000,
47000,
60000,
39000,
32000,
29000,
90000,
77000,
73000,
92000,
2000,
23000,
91000,
12000,
76000,
24000,
16000,
14000,
11000,
70000,
25000,
79000,
38000,
66000,
58000,
51000,
34000,
19000,
67000,
79000,
14000,
67000,
64000,
43000,
35000,
14000,
56000,
78000,
95000,
83000,
56000,
63000,
18000,
34000,
95000,
16000,
52000,
6000,
28000,
89000,
37000,
10000,
9000,
94000,
50000,
12000,
84000,
87000,
20000,
89000,
79000,
35000,
60000,
12000,
5000,
22000,
16000,
1000,
93000,
57000,
99000,
38000,
34000,
53000,
11000,
89000,
16000,
19000,
5000,
68000,
45000,
22000,
82000,
51000,
19000,
4000,
95000,
51000,
52000,
7000,
98000,
90000,
67000,
96000,
14000,
11000,
78000,
98000,
42000,
47000,
86000,
5000,
85000,
1000,
72000,
9000,
8000,
9000,
72000,
89000,
40000,
75000,
96000,
5000,
7000,
33000,
93000,
74000,
74000,
66000,
97000,
85000,
1000,
17000,
18000,
46000,
37000,
91000,
62000,
62000,
83000,
91000,
6000,
80000,
94000,
48000,
66000,
76000,
43000,
61000,
50000,
76000,
66000,
58000,
35000,
3000,
77000,
69000,
73000,
40000,
11000,
3000,
76000,
12000,
57000,
5000,
92000,
81000,
58000,
7000,
1000,
97000,
47000,
76000,
42000,
58000,
4000,
94000,
42000,
67000,
10000,
27000,
57000,
99000,
42000,
55000,
79000,
61000,
52000,
69000,
51000,
27000,
13000,
6000,
78000,
87000,
14000,
43000,
30000,
15000,
20000,
30000,
95000,
32000,
7000,
59000,
22000,
57000,
53000,
53000,
69000,
59000,
67000,
71000,
8000,
45000,
81000,
72000,
12000,
23000,
55000,
32000,
91000,
15000,
69000,
88000,
41000,
72000,
31000,
53000,
98000,
41000,
73000,
9000,
11000,
85000,
74000,
23000,
67000,
71000,
42000,
98000,
93000,
56000,
39000,
55000,
15000,
55000,
34000,
68000,
69000,
55000,
36000,
26000,
96000,
3000,
81000,
86000,
24000,
55000,
22000,
4000,
76000,
44000,
54000,
11000,
81000,
11000,
36000,
9000,
49000,
49000,
87000,
91000,
96000,
5000,
32000,
52000,
96000,
18000,
74000,
2000,
3000,
97000,
14000,
30000,
85000,
43000,
16000,
69000,
78000,
91000,
16000,
7000,
71000,
21000,
35000,
78000,
29000,
86000,
8000,
49000,
65000,
66000,
50000,
37000,
10000,
70000,
9000,
8000,
45000,
42000,
18000,
29000,
7000,
30000,
50000,
18000,
6000,
10000,
4000,
47000,
2000,
4000,
92000,
15000,
15000,
66000,
55000,
27000,
35000,
28000,
71000,
59000,
1000,
99000,
56000,
64000,
90000,
10000,
36000,
80000,
87000,
19000,
67000,
75000,
66000,
15000,
21000,
36000,
23000,
78000,
73000,
55000,
88000,
42000,
55000,
50000,
13000,
74000,
8000,
94000,
34000,
58000,
92000,
40000,
40000,
75000,
43000,
54000,
83000,
98000,
5000,
74000,
2000,
55000,
94000,
59000,
82000,
87000,
37000,
12000,
66000,
75000,
7000,
82000,
15000,
74000,
99000,
75000,
70000,
49000,
93000,
81000,
65000,
31000,
59000,
40000,
30000,
42000,
13000,
90000,
12000,
83000,
2000,
44000,
93000,
64000,
79000,
23000,
28000,
24000,
54000,
59000,
70000,
4000,
21000,
63000,
50000,
27000,
26000,
17000,
26000,
13000,
57000,
99000,
70000,
64000,
48000,
42000,
76000,
93000,
37000,
78000,
24000,
1000,
64000,
89000,
26000,
66000,
61000,
83000,
55000,
69000,
23000,
31000,
69000,
37000,
45000,
81000,
80000,
19000,
41000,
73000,
40000,
58000,
61000,
17000,
18000,
47000,
70000,
96000,
71000,
16000,
92000,
62000,
51000,
44000,
52000,
22000,
20000,
38000,
80000,
