2577,
4535,
5781,
4122,
9440,
854,
9581,
3034,
3014,
1482,
8640,
5991,
5976,
3609,
2145,
3327,
8957,
3771,
3753,
3463,
1769,
8015,
5528,
8826,
4602,
5070,
441,
1143,
1718,
3363,
9131,
431,
2101,
8130,
8656,
8798,
1633,
4911,
9365,
6758,
4300,
2483,
4020,
867,
6309,
7533,
9366,
3444,
4829,
979,
7886,
6732,
8646,
6767,
2768,
9988,
5510,
9511,
4275,
7182,
2280,
5535,
4130,
9797,
1118,
586,
33,
106,
7714,
4897,
4010,
7239,
2589,
7536,
7219,
5549,
6330,
2576,
1656,
5981,
5990,
5586,
2104,
7859,
6598,
6014,
1483,
5856,
9665,
9145,
1956,
7053,
8276,
5951,
6217,
9675,
2693,
2654,
3535,
7460,
3380,
2811,
7671,
4168,
8381,
7553,
2165,
7238,
3675,
6084,
186,
3150,
438,
4202,
4603,
528,
9733,
131,
3623,
5746,
6967,
7498,
8283,
8211,
2185,
2309,
772,
1966,
6208,
6383,
2299,
4865,
8422,
7063,
364,
9101,
4596,
3694,
6078,
6830,
9791,
9836,
4340,
9562,
6067,
2003,
4707,
9860,
3250,
2408,
204,
9774,
5896,
2707,
2921,
9401,
8697,
3715,
8283,
5426,
5622,
3840,
7914,
2521,
6218,
5536,
2997,
9186,
5124,
3757,
7793,
2034,
2308,
9492,
5139,
7594,
8782,
8839,
4658,
8576,
7834,
7661,
4099,
9451,
2812,
5632,
7498,
5310,
1475,
533,
1722,
1085,
6137,
2874,
2384,
7672,
7291,
6793,
9995,
8863,
6859,
8257,
9123,
381,
3482,
1647,
757,
8523,
7502,
6869,
6449,
3157,
3598,
5070,
8017,
7413,
743,
1594,
8889,
5326,
718,
2573,
6348,
6091,
2408,
2504,
8565,
9326,
9167,
9081,
8418,
5008,
9302,
322,
5623,
3356,
7899,
5304,
1465,
3668,
7529,
9672,
9125,
4106,
8872,
9541,
4745,
7804,
6313,
4270,
2583,
9735,
1539,
6773,
2243,
4204,
7002,
8490,
1885,
6711,
1868,
8850,
8946,
8198,
3040,
9705,
1528,
340,
2693,
8986,
4187,
2655,
8432,
5773,
9159,
5296,
4966,
112,
7372,
2337,
1124,
9835,
4040,
9062,
5218,
4467,
5412,
479,
2582,
34,
4115,
4198,
3276,
2519,
4787,
5088,
6063,
23,
309,
6315,
7630,
5164,
6876,
7785,
5912,
8941,
7966,
7638,
302,
4252,
2814,
6391,
4082,
4658,
6641,
6533,
5634,
9943,
1359,
2080,
3390,
3473,
1440,
2709,
3449,
4396,
5515,
2347,
3645,
7263,
8923,
9410,
4982,
8459,
7530,
4335,
5092,
9634,
5247,
6262,
3711,
9395,
1859,
8498,
8118,
2968,
3362,
6944,
9728,
1130,
1183,
5483,
376,
7389,
7545,
2716,
2904,
3602,
7494,
5171,
3768,
9997,
525,
3959,
621,
8583,
8717,
8286,
659,
7171,
7511,
592,
5579,
8125,
9622,
1462,
7010,
1406,
6499,
147,
8602,
5253,
5187,
1310,
540,
739,
8315,
8060,
1558,
4889,
9869,
2613,
7228,
5065,
6689,
4634,
7105,
1430,
7653,
6103,
9671,
8888,
2792,
1528,
1610,
5364,
1281,
5144,
9755,
4137,
9522,
3063,
5523,
3191,
3714,
8785,
2705,
9510,
8441,
2307,
1042,
56,
4732,
2767,
9385,
7120,
1229,
3977,
1781,
4118,
881,
8946,
9480,
7338,
7514,
3117,
9262,
8634,
5748,
2465,
8500,
6577,
7030,
9727,
1332,
8468,
6904,
5749,
5304,
9518,
4444,
6649,
4598,
3763,
9327,
5324,
9794,
4380,
601,
6948,
9831,
1376,
7666,
813,
7392,
5895,
6886,
9586,
9032,
1328,
8807,
3599,
4569,
8602,
217,
6862,
4591,
2162,
3033,
10,
5808,
1192,
8957,
7005,
6753,
9546,
1877,
7022,
7683,
9035,
2068,
6113,
181,
6772,
7479,
8208,
165,
3296,
7037,
4957,
6333,
1330,
9083,
2536,
267,
433,
9622,
4103,
9617,
2442,
1106,
6803,
2978,
5243,
8633,
4470,
8987,
3309,
5385,
3420,
2002,
8573,
6518,
3374,
7346,
5884,
6074,
9148,
6576,
6946,
1272,
2076,
9932,
42,
5464,
9809,
7095,
7626,
6696,
2163,
1214,
8173,
201,
8349,
4687,
2332,
2697,
1188,
5275,
3220,
1833,
9875,
4335,
6356,
7758,
762,
9800,
3468,
2730,
6121,
3578,
7433,
9207,
2632,
5304,
6445,
6939,
6457,
2899,
5127,
2325,
6574,
4840,
619,
3772,
55,
6202,
748,
5560,
4626,
6123,
3754,
2082,
4007,
2415,
2633,
8660,
7964,
3730,
6172,
7378,
3091,
8214,
5928,
8952,
9605,
7925,
7789,
8107,
7787,
5253,
6291,
4312,
8844,
6029,
7939,
1616,
3829,
5027,
4232,
1567,
8780,
4629,
8769,
2731,
670,
2256,
1368,
6348,
9058,
2001,
6395,
6114,
5506,
8749,
4559,
4412,
697,
1099,
3147,
2529,
672,
4037,
5337,
6238,
9373,
630,
2948,
8807,
1625,
1545,
4791,
1772,
8370,
3864,
5362,
2737,
9021,
8956,
2773,
6757,
8742,
5049,
6122,
7637,
6961,
9575,
2916,
9411,
3952,
4689,
675,
9014,
6023,
3570,
9561,
6941,
6223,
3229,
8686,
5599,
4958,
3647,
8259,
9356,
799,
59,
6965,
1626,
3996,
4281,
6994,
9894,
3939,
6128,
3317,
2205,
5387,
6187,
6753,
8760,
2792,
5378,
7335,
5219,
9238,
7585,
9670,
3748,
5025,
131,
2343,
9323,
4390,
8611,
7240,
7560,
3848,
8505,
1313,
8829,
9304,
119,
1687,
4045,
1974,
8570,
8475,
9702,
3470,
3429,
8145,
8017,
2269,
9301,
8187,
3896,
2498,
8469,
7643,
1395,
3349,
1732,
4625,
8354,
1529,
9246,
4321,
1626,
4469,
7576,
1758,
6716,
2520,
8781,
4234,
1224,
6874,
8984,
6340,
989,
7660,
1328,
215,
907,
7374,
8385,
7729,
6910,
8982,
7081,
9090,
626,
552,
2568,
2744,
304,
1116,
3318,
8869,
7985,
2384,
9156,
3889,
775,
7055,
5073,
6038,
2574,
1636,
1669,
9784,
2871,
8633,
8687,
9808,
263,
6260,
582,
1653,
3026,
8540,
8708,
8572,
904,
6338,
6599,
8385,
6881,
9744,
9998,
5369,
4421,
1148,
2580,
6997,
3779,
5668,
7522,
8997,
3825,
1940,
5120,
8111,
167,
5054,
7740,
3598,
5569,
5245,
568,
1531,
8982,
3797,
9162,
3403,
5103,
4687,
182,
6770,
1670,
7081,
9022,
1351,
7627,
1021,
1053,
3399,
6274,
756,
3224,
154,
921,
6316,
2399,
9075,
3719,
4644,
9457,
1316,
8135,
7262,
6457,
5674,
4768,
1490,
6052,
9687,
250,
1620,
6422,
9531,
1850,
4900,
3099,
3492,
4656,
6497,
9797,
1951,
1636,
9644,
439,
7761,
1130,
2412,
3985,
4393,
6695,
6509,
8767,
981,
5106,
6705,
988,
6396,
6708,
6335,
1969,
1603,
3201,
4518,
6796,
386,
6577,
7342,
5827,
3760,
6284,
8376,
7430,
1711,
8420,
4367,
1684,
9659,
5319,
238,
118,
5062,
6744,
6015,
9214,
6532,
7590,
4233,
1181,
3697,
7893,
9990,
4300,
5282,
3557,
9799,
103,
7453,
7912,
1970,
1140,
8064,
258,
1251,
4159,
6258,
9861,
9082,
5988,
6895,
5656,
3422,
5723,
1245,
1914,
161,
2598,
7503,
5301,
9371,
6367,
7978,
6564,
2120,
3758,
243,
56,
6239,
5242,
7824,
4800,
7139,
72,
7417,
74,
6288,
2484,
4320,
3662,
4430,
6002,
5625,
3476,
4602,
2253,
1468,
7057,
8195,
6508,
5833,
8405,
8086,
9554,
4819,
9412,
1966,
5536,
939,
8612,
1460,
1644,
5305,
3535,
6679,
894,
2635,
1685,
6622,
6238,
414,
2962,
4959,
