15,
36,
215,
118,
150,
138,
173,
149,
83,
20,
213,
51,
103,
213,
143,
55,
31,
20,
148,
190,
185,
54,
86,
105,
162,
180,
169,
136,
186,
193,
224,
58,
112,
57,
219,
209,
151,
81,
166,
220,
72,
196,
48,
97,
53,
170,
139,
119,
71,
167,
205,
3,
192,
21,
39,
88,
191,
124,
43,
162,
141,
25,
46,
219,
58,
48,
170,
164,
175,
209,
128,
91,
81,
64,
155,
204,
225,
30,
155,
206,
149,
36,
4,
96,
55,
42,
80,
15,
60,
71,
12,
154,
99,
205,
153,
77,
8,
184,
112,
195,
131,
136,
121,
191,
212,
187,
168,
83,
56,
5,
29,
226,
128,
78,
187,
59,
130,
33,
74,
121,
199,
170,
189,
142,
145,
44,
139,
78,
195,
110,
124,
73,
134,
6,
127,
108,
184,
33,
166,
197,
208,
212,
3,
129,
139,
160,
151,
17,
127,
103,
175,
123,
71,
70,
90,
204,
178,
68,
101,
152,
218,
180,
25,
213,
107,
207,
174,
70,
92,
74,
110,
10,
206,
206,
206,
102,
112,
69,
140,
181,
47,
59,
79,
150,
62,
137,
162,
50,
56,
161,
212,
191,
147,
27,
71,
45,
53,
91,
9,
205,
81,
165,
165,
127,
60,
73,
181,
168,
142,
33,
86,
210,
216,
115,
50,
65,
145,
180,
205,
171,
113,
148,
61,
211,
10,
94,
81,
87,
155,
49,
178,
95,
14,
39,
125,
152,
104,
88,
194,
51,
217,
213,
86,
117,
140,
226,
149,
187,
188,
208,
224,
130,
129,
2,
10,
128,
204,
7,
26,
192,
180,
167,
79,
64,
209,
2,
111,
105,
117,
36,
220,
78,
110,
185,
106,
113,
145,
203,
95,
84,
88,
28,
58,
99,
158,
146,
130,
110,
56,
50,
185,
199,
13,
34,
181,
167,
40,
197,
68,
203,
163,
44,
142,
106,
59,
137,
54,
177,
87,
220,
157,
205,
3,
164,
31,
138,
31,
217,
201,
211,
52,
108,
16,
136,
161,
84,
94,
149,
193,
48,
144,
49,
7,
221,
50,
179,
7,
126,
21,
204,
212,
154,
102,
74,
27,
162,
94,
196,
116,
206,
173,
70,
64,
190,
90,
48,
46,
204,
109,
34,
27,
144,
176,
96,
129,
126,
110,
148,
22,
153,
172,
180,
129,
90,
34,
90,
105,
176,
106,
169,
79,
16,
197,
49,
224,
54,
8,
41,
117,
226,
22,
198,
162,
7,
20,
12,
79,
100,
74,
222,
186,
156,
53,
221,
90,
61,
212,
176,
108,
26,
187,
22,
185,
182,
145,
124,
11,
173,
215,
207,
15,
149,
88,
213,
87,
50,
20,
24,
1,
87,
103,
177,
226,
30,
47,
39,
220,
46,
108,
202,
223,
110,
46,
156,
163,
19,
39,
182,
23,
12,
107,
83,
217,
106,
181,
109,
96,
61,
70,
222,
82,
2,
114,
129,
80,
35,
211,
109,
180,
139,
85,
174,
5,
127,
99,
69,
178,
73,
4,
125,
123,
131,
61,
73,
55,
220,
37,
165,
42,
150,
211,
86,
23,
149,
26,
84,
46,
107,
146,
203,
103,
93,
35,
134,
73,
222,
111,
151,
176,
128,
185,
92,
109,
148,
99,
36,
64,
160,
190,
140,
86,
150,
162,
164,
189,
164,
213,
129,
121,
103,
157,
41,
53,
109,
27,
46,
199,
162,
20,
29,
43,
88,
67,
112,
217,
29,
95,
173,
21,
147,
70,
211,
98,
102,
51,
56,
179,
195,
89,
210,
48,
70,
174,
135,
71,
66,
211,
125,
142,
79,
50,
159,
226,
120,
109,
153,
79,
204,
141,
111,
67,
86,
185,
176,
34,
210,
38,
193,
80,
170,
81,
2,
53,
149,
9,
179,
75,
117,
94,
25,
104,
77,
141,
77,
148,
82,
6,
50,
41,
7,
98,
69,
202,
28,
68,
99,
77,
138,
19,
58,
84,
1,
146,
63,
120,
34,
218,
125,
3,
92,
192,
148,
185,
55,
89,
29,
207,
138,
13,
76,
152,
160,
88,
191,
140,
3,
115,
226,
72,
182,
211,
54,
195,
98,
136,
176,
194,
8,
14,
133,
13,
70,
146,
215,
46,
226,
21,
95,
219,
8,
142,
58,
60,
76,
192,
194,
130,
43,
214,
83,
119,
165,
154,
116,
156,
96,
50,
107,
38,
38,
205,
53,
145,
178,
221,
2,
24,
111,
153,
26,
90,
114,
31,
45,
82,
152,
124,
25,
55,
172,
65,
33,
158,
26,
27,
16,
75,
200,
115,
139,
178,
73,
62,
213,
49,
71,
108,
116,
51,
157,
196,
22,
203,
141,
111,
181,
135,
136,
81,
20,
187,
144,
188,
99,
104,
15,
42,
204,
83,
189,
208,
118,
220,
66,
94,
40,
214,
18,
165,
157,
11,
78,
53,
2,
224,
94,
14,
134,
199,
57,
3,
90,
53,
90,
204,
8,
15,
18,
72,
79,
182,
149,
184,
90,
71,
104,
166,
197,
50,
67,
202,
125,
171,
84,
71,
187,
141,
1,
49,
85,
7,
110,
9,
57,
165,
168,
181,
209,
26,
80,
92,
137,
28,
56,
49,
121,
196,
100,
74,
119,
33,
180,
156,
12,
142,
150,
68,
21,
224,
91,
20,
110,
157,
195,
85,
204,
126,
94,
215,
202,
121,
84,
26,
34,
113,
182,
195,
64,
70,
159,
14,
33,
139,
147,
92,
13,
82,
146,
125,
173,
181,
168,
12,
79,
210,
91,
126,
10,
224,
144,
130,
113,
7,
19,
65,
168,
43,
9,
184,
46,
164,
163,
199,
113,
171,
156,
23,
86,
77,
75,
33,
226,
136,
89,
133,
169,
71,
27,
119,
143,
40,
88,
50,
155,
134,
36,
52,
88,
93,
84,
174,
151,
22,
6,
3,
200,
103,
60,
103,
109,
127,
17,
75,
193,
109,
206,
33,
18,
211,
83,
45,
28,
183,
103,
15,
103,
141,
107,
142,
153,
141,
150,
177,
77,
150,
174,
211,
202,
103,
199,
112,
224,
158,
104,
96,
150,
34,
117,
48,
59,
45,
187,
42,
43,
168,
8,
205,
163,
180,
31,
56,
223,
133,
100,
60,
45,
164,
183,
187,
75,
19,
66,
105,
103,
81,
122,
131,
193,
110,
65,
208,
44,
38,
89,
4,
217,
216,
64,
40,
168,
