260,
210,
450,
250,
450,
200,
320,
220,
300,
420,
410,
450,
250,
390,
490,
410,
390,
420,
490,
240,
290,
400,
460,
350,
310,
240,
220,
350,
390,
250,
370,
320,
290,
290,
390,
290,
390,
260,
480,
400,
210,
330,
460,
450,
200,
490,
250,
240,
490,
390,
370,
320,
340,
310,
280,
280,
220,
300,
230,
470,
470,
480,
200,
400,
430,
310,
200,
330,
210,
350,
260,
400,
350,
390,
360,
470,
360,
290,
280,
430,
200,
410,
440,
470,
220,
200,
490,
400,
340,
210,
250,
200,
400,
380,
230,
230,
470,
380,
300,
360,
200,
240,
350,
280,
260,
380,
260,
300,
480,
280,
220,
200,
320,
370,
380,
380,
350,
320,
310,
240,
350,
480,
250,
410,
330,
220,
300,
480,
310,
420,
340,
410,
460,
340,
290,
480,
240,
450,
490,
300,
450,
220,
380,
220,
210,
210,
430,
220,
420,
350,
210,
420,
400,
380,
320,
400,
200,
380,
470,
300,
440,
380,
360,
400,
290,
300,
440,
360,
440,
220,
270,
480,
240,
350,
420,
450,
490,
240,
420,
430,
440,
340,
440,
430,
200,
440,
460,
410,
260,
470,
260,
290,
300,
330,
430,
390,
300,
390,
250,
210,
340,
340,
320,
380,
290,
290,
260,
250,
230,
200,
240,
430,
370,
290,
430,
440,
430,
240,
350,
220,
470,
300,
430,
450,
480,
440,
410,
340,
200,
270,
410,
340,
260,
280,
260,
460,
250,
230,
320,
350,
280,
390,
420,
400,
230,
400,
330,
200,
400,
210,
490,
260,
220,
380,
400,
280,
340,
200,
350,
470,
320,
420,
480,
370,
370,
390,
480,
220,
340,
470,
230,
220,
460,
210,
360,
210,
300,
290,
280,
320,
280,
360,
210,
210,
290,
430,
210,
440,
230,
410,
390,
390,
300,
460,
480,
200,
460,
460,
430,
330,
210,
430,
270,
370,
400,
220,
310,
200,
270,
470,
240,
470,
200,
410,
440,
330,
250,
340,
430,
340,
220,
340,
230,
330,
220,
210,
400,
370,
230,
450,
480,
300,
440,
240,
200,
480,
340,
410,
260,
410,
470,
300,
300,
300,
400,
360,
320,
410,
450,
280,
290,
230,
370,
380,
230,
270,
250,
420,
440,
280,
240,
490,
490,
300,
450,
310,
380,
410,
310,
450,
380,
360,
470,
220,
430,
380,
480,
400,
390,
420,
430,
280,
460,
290,
390,
490,
450,
310,
430,
470,
420,
470,
400,
420,
250,
220,
420,
350,
250,
390,
210,
460,
210,
330,
250,
440,
330,
280,
200,
440,
440,
470,
270,
430,
240,
360,
490,
350,
380,
280,
430,
490,
400,
320,
450,
350,
370,
320,
270,
280,
330,
200,
380,
320,
400,
410,
220,
320,
310,
260,
210,
340,
430,
240,
430,
470,
330,
410,
480,
260,
310,
220,
440,
300,
490,
420,
370,
380,
450,
220,
220,
490,
470,
240,
440,
200,
240,
330,
460,
370,
400,
440,
440,
450,
210,
400,
230,
480,
430,
290,
330,
330,
480,
420,
360,
300,
490,
440,
410,
330,
280,
460,
340,
340,
230,
350,
490,
380,
420,
450,
350,
310,
470,
230,
460,
440,
240,
400,
310,
250,
270,
210,
450,
410,
310,
330,
420,
260,
420,
350,
370,
460,
430,
450,
340,
360,
490,
370,
210,
440,
410,
470,
300,
280,
260,
420,
270,
440,
250,
420,
320,
340,
300,
200,
270,
270,
220,
340,
250,
210,
320,
210,
260,
480,
340,
410,
480,
330,
430,
330,
390,
460,
450,
370,
490,
310,
220,
480,
240,
280,
440,
390,
440,
330,
340,
260,
450,
300,
360,
280,
420,
460,
200,
450,
270,
380,
430,
250,
420,
410,
480,
480,
310,
480,
350,
260,
330,
220,
340,
250,
450,
330,
260,
290,
330,
440,
330,
470,
450,
270,
450,
480,
390,
280,
220,
470,
450,
450,
340,
300,
290,
460,
260,
470,
440,
470,
320,
330,
460,
350,
330,
390,
460,
410,
260,
440,
450,
470,
320,
360,
230,
310,
480,
350,
360,
200,
300,
430,
440,
440,
270,
230,
460,
290,
200,
490,
200,
250,
390,
470,
330,
210,
480,
490,
200,
420,
320,
400,
330,
380,
220,
420,
490,
490,
420,
340,
200,
220,
230,
260,
390,
370,
200,
480,
490,
480,
450,
300,
240,
220,
400,
430,
330,
240,
200,
280,
370,
370,
460,
460,
240,
240,
210,
300,
280,
250,
480,
310,
340,
450,
310,
230,
450,
410,
450,
280,
450,
330,
290,
430,
460,
320,
330,
260,
490,
490,
460,
310,
300,
390,
290,
200,
280,
280,
270,
490,
440,
380,
380,
480,
340,
390,
480,
420,
350,
380,
230,
200,
470,
440,
310,
280,
330,
430,
370,
490,
280,
350,
240,
480,
400,
440,
290,
320,
400,
470,
360,
210,
390,
220,
220,
220,
260,
420,
460,
330,
380,
320,
410,
480,
410,
300,
340,
390,
300,
320,
220,
340,
430,
410,
330,
300,
290,
310,
440,
390,
430,
470,
210,
380,
200,
310,
460,
260,
480,
380,
370,
450,
400,
310,
400,
350,
250,
350,
280,
290,
420,
470,
350,
200,
300,
480,
480,
440,
430,
470,
240,
470,
290,
230,
330,
280,
350,
270,
440,
440,
280,
480,
450,
400,
240,
330,
300,
420,
250,
240,
200,
320,
330,
270,
370,
420,
280,
450,
470,
410,
270,
370,
240,
360,
240,
330,
390,
420,
240,
270,
410,
200,
320,
460,
400,
270,
400,
490,
480,
370,
260,
290,
320,
480,
390,
410,
210,
380,
410,
410,
400,
420,
320,
320,
440,
410,
240,
460,
470,
240,
220,
330,
340,
240,
420,
230,
420,
200,
380,
450,
280,
320,
360,
320,
330,
420,
250,
420,
350,
260,
250,
290,
310,
290,
200,
360,
260,
320,
390,
390,
260,
340,
350,
210,
200,
320,
250,
270,
300,
250,
440,
480,
250,
240,
330,
360,
380,
200,
380,
340,
330,
390,
370,
230,
280,
410,
380,
450,
340,
220,
360,
210,
440,
250,
350,
370,
360,
250,
450,
390,
250,
220,
350,
260,
260,
480,
280,
470,
290,
460,
290,
300,
370,
240,
310,
480,
420,
220,
300,
380,
440,
220,
420,
480,
480,
460,
430,
440,
230,
300,
230,
290,
420,
390,
